   21  56
   59  28
  3892  3840

   41  22
   21  38
  951  3970

   17  67
   75  13
  17838  18262

   18  60
   38  14
  10358  15596

   40  82
   51  14
  18197  3640

   26  43
   40  11
  7874  6677

   67  24
   11  69
  6183  3516

   52  15
   33  80
  13628  5330

   12  27
   67  33
  5397  9734

   56  11
   16  42
  9336  12355

   88  58
   30  78
  1538  2120

   33  52
   47  21
  5371  12695

   12  78
   43  30
  220  432

   40  17
   15  41
  18250  14977

   11  28
   73  35
  19555  9531

   65  53
   18  88
  2430  7114

   11  21
   62  28
  7300  9272

   26  48
   41  11
  3501  3811

   49  12
   19  60
  7803  7220

   62  18
   25  62
  275  4778

   58  31
   18  54
  6852  7257

   52  29
   31  57
  2402  3484

   17  70
   93  85
  3908  4770

   45  36
   30  97
  975  1072

   77  40
   11  48
  7986  5544

   76  95
   13  94
  4349  12356

   33  60
   26  13
  2575  5262

   79  14
   20  92
  7555  5054

   12  95
   93  92
  6837  12250

   60  23
   15  65
  6875  7517

   32  21
   18  94
  2008  4934

   12  40
   76  46
  18260  11116

   15  64
   84  48
  7728  9072

   18  42
   49  25
  4558  3310

   63  23
   16  56
  16903  19663

   49  83
   59  20
  5806  8076

   56  14
   19  68
  1983  7212

   74  26
   24  62
  3980  6648

   18  44
   45  15
  16172  13856

   54  84
   42  11
  17114  9700

   81  57
   15  64
  5295  6719

   16  46
   73  39
  8604  15288

   30  64
   30  15
  3890  11425

   11  55
   60  28
  18461  16257

   93  47
   31  77
  1333  919

   51  68
   77  15
  8370  5637

   11  47
   63  30
  3441  12927

   14  25
   42  14
  15418  15509

   36  55
   43  19
  9673  17061

   15  51
   32  14
  15661  13339

   90  59
   19  73
  7414  5829

   89  35
   47  65
  2337  2175

   55  19
   13  33
  16671  1691

   41  11
   13  57
  13290  18772

   73  30
   15  49
  3462  7552

   64  20
   15  59
  10670  12078

   20  43
   62  41
  18332  16063

   61  18
   18  72
  3251  18170

   25  48
   56  12
  5352  3876

   19  79
   62  13
  15824  688

   60  93
   66  18
  8340  9555

   59  47
   12  57
  3331  3460

   20  99
   72  20
  868  2951

   67  30
   22  59
  3077  2115

   41  23
   27  54
  7406  18395

   19  54
   61  30
  10935  9338

   76  53
   14  32
  15124  12677

   50  60
   92  13
  7050  6025

   11  91
   53  30
  2304  4356

   18  52
   48  16
  18176  9008

   37  14
   32  53
  6571  14640

   25  12
   50  85
  3850  6423

   51  43
   78  13
  7602  3613

   34  29
   85  13
  6970  2732

   44  96
   76  52
  4696  7628

   17  62
   63  52
  2237  2470

   74  22
   13  64
  8262  9536

   26  69
   37  11
  3668  17503

   57  12
   13  62
  15518  18554

   45  17
   33  64
  2672  278

   12  53
   61  12
  2995  5248

   17  36
   34  23
  14864  7398

   17  44
   19  12
  15714  19608

   46  21
   11  59
  6782  3934

   15  60
   51  35
  5397  8575

   16  38
   26  18
  14938  5584

   21  97
   71  73
  7044  14180

   49  12
   35  68
  7690  3224

   22  90
   98  92
  8404  13992

   62  89
   88  12
  11736  8044

   11  24
   56  28
  2155  2724

   23  59
   63  23
  11601  11213

   16  44
   55  36
  12689  9588

   82  22
   57  65
  4317  1705

   70  21
   12  59
  13144  16036

   19  60
   63  18
  13511  12536

   39  14
   11  23
  11630  7945

   83  14
   41  73
  9182  5646

   13  32
   48  21
  2143  17376

   81  14
   23  99
  4079  4506

   35  57
   91  26
  3724  3132

   36  29
   11  80
  3487  4872

   17  92
   29  25
  2446  2418

   69  13
   13  44
  2886  10466

   50  17
   12  51
  6442  7078

   16  60
   36  11
  1716  16279

   65  11
   11  60
  18930  16410

   96  23
   60  95
  7932  2626

   11  19
   28  15
  4553  13508

   86  48
   21  36
  4013  2604

   13  21
   98  12
  9396  2742

   52  21
   15  38
  875  3596

   18  75
   44  12
  19734  7307

   12  45
   85  46
  13467  4878

   33  81
   80  34
  6083  6001

   79  15
   12  51
  12333  7055

   33  88
   64  43
  8196  9983

   43  11
   26  57
  17360  16125

   28  15
   11  29
  2650  8295

   13  32
   31  11
  5400  12700

   51  25
   21  36
  7382  7507

   13  39
   65  15
  5642  3426

   47  34
   17  53
  3067  4498

   65  32
   33  62
  4457  2606

   49  70
   35  15
  6059  3295

   59  11
   14  68
  18274  1936

   40  20
   47  93
  5317  8983

   19  78
   97  55
  7544  7975

   66  16
   56  80
  5012  6064

   34  71
   88  36
  4302  5585

   12  53
   86  50
  4978  6484

   63  90
   82  33
  8537  6474

   43  13
   29  46
  19005  18165

   12  45
   64  39
  5760  2909

   19  42
   58  32
  8338  18796

   42  14
   26  97
  3304  9758

   26  54
   35  19
  5612  304

   22  14
   15  37
  15626  614

   38  17
   14  55
  6140  7830

   61  16
   12  28
  4088  18840

   64  36
   12  31
  16000  512

   56  23
   17  35
  9656  16934

   53  83
   40  14
  10714  15926

   21  54
   53  17
  19178  17717

   50  20
   11  45
  10433  7075

   38  14
   41  87
  2833  4279

   14  29
   28  15
  16790  13621

   80  54
   29  83
  7175  7063

   58  36
   26  71
  5610  5896

   67  35
   15  55
  205  16765

   11  83
   88  13
  6425  10493

   81  60
   13  32
  15205  19068

   15  54
   21  11
  16940  6123

   23  65
   45  19
  3830  7586

   24  37
   41  11
  1351  2435

   77  19
   13  62
  14693  1415

   72  16
   23  73
  8394  4238

   75  25
   18  71
  6747  5759

   71  16
   12  59
  18562  2449

   75  25
   16  63
  823  12489

   81  15
   14  83
  6930  8520

   21  30
   80  33
  2143  948

   89  35
   58  79
  4208  4352

   32  61
   61  28
  5177  13721

   16  53
   39  27
  1206  1338

   54  30
   31  56
  19166  6314

   24  58
   49  19
  18105  17665

   44  26
   12  41
  9008  19382

   55  21
   18  36
  12563  2591

   17  66
   64  26
  7891  7118

   21  38
   31  12
  19443  19350

   32  15
   18  32
  7472  6202

   65  11
   12  63
  12845  2099

   68  75
   81  20
  2821  2210

   31  96
   83  34
  10041  12360

   37  15
   31  67
  4451  3383

   11  49
   37  14
  19422  7060

   66  20
   68  92
  7894  8532

   29  58
   27  11
  2863  3060

   79  19
   16  34
  2773  1873

   67  23
   18  71
  8472  14571

   64  30
   25  55
  13312  11500

   33  77
   61  13
  19189  3537

   21  42
   53  27
  2571  3720

   38  14
   56  83
  18026  13763

   93  22
   23  82
  1762  1948

   74  35
   11  32
  1532  10934

   11  70
   70  13
  5779  13872

   12  77
   20  12
  1792  3588

   41  12
   12  26
  14653  19026

   63  23
   20  43
  5386  16079

   19  58
   30  13
  6241  3033

   13  47
   93  31
  944  2192

   28  73
   92  74
  5388  8574

   59  12
   24  62
  1156  7608

   19  64
   65  25
  7168  14228

   11  35
   74  28
  17032  8950

   26  74
   67  23
  13849  8941

   74  47
   24  82
  6462  9111

   24  37
   49  24
  5474  11186

   27  13
   23  36
  18305  14232

   75  13
   12  51
  13103  10959

   23  77
   68  63
  2634  3220

   81  14
   12  67
  6914  14067

   24  55
   66  43
  3966  4001

   13  39
   58  35
  15306  4959

   58  38
   28  60
  2442  3766

   34  13
   30  64
  7300  896

   17  76
   93  46
  5614  9198

   13  21
   48  17
  2394  3543

   26  50
   40  23
  5406  2067

   81  14
   11  64
  8601  10514

   15  35
   55  27
  8760  6904

   73  12
   19  65
  3167  4017

   40  26
   13  36
  4127  17346

   16  96
   84  58
  2848  2816

   91  90
   17  68
  9439  11178

   17  56
   45  22
  7875  7956

   47  22
   38  62
  14922  16604

   14  31
   25  13
  3022  406

   30  30
   23  95
  3809  9065

   11  38
   53  35
  13641  4857

   11  41
   95  86
  4393  4846

   15  38
   44  24
  12220  16856

   45  14
   19  59
  10932  5885

   68  15
   19  68
  854  346

   12  43
   62  39
  1408  11713

   76  17
   62  59
  7134  2363

   28  80
   38  26
  2540  2468

   17  60
   53  18
  5378  6978

   59  19
   19  71
  13901  13853

   77  32
   13  47
  1424  9663

   45  84
   99  17
  9369  4736

   45  11
   59  77
  4093  3003

   66  69
   11  74
  7084  12031

   20  35
   92  39
  5276  3987

   15  50
   43  13
  11696  4491

   71  45
   11  36
  16198  4850

   26  73
   64  15
  14384  14762

   14  42
   68  41
  16372  16364

   18  42
   49  17
  5369  5993

   89  33
   47  91
  8098  6902

   12  55
   77  13
  11756  8510

   20  49
   58  14
  19048  11421

   48  20
   29  49
  7647  16511

   78  31
   15  50
  10007  11464

   26  49
   43  23
  15283  10803

   90  46
   43  92
  5044  8740

   20  84
   57  11
  253  19359

   21  66
   59  21
  16567  12662

   75  13
   57  72
  3060  841

   95  29
   76  98
  5795  4387

   13  51
   53  25
  12413  13875

   96  23
   12  14
  6468  1672

   55  17
   14  67
  19446  7705

   16  48
   69  38
  16589  8070

   75  31
   19  61
  9438  11564

   88  11
   13  59
  6237  2673

   67  25
   30  89
  5429  2726

   25  67
   39  15
  910  16468

   35  86
   97  12
  9417  1410

   80  26
   17  74
  4262  1796

   64  20
   60  91
  5364  7673

   29  27
   17  65
  2897  6631

   18  52
   89  15
  6968  3182

   80  61
   12  31
  19288  16457

   50  12
   22  53
  10922  3205

   33  74
   94  42
  6719  4602

   68  23
   18  66
  10952  9125

   11  53
   41  12
  14158  1759

   65  18
   23  48
  5682  1740

   33  12
   35  51
  1600  11873

   96  15
   44  53
  2320  2392

   12  35
   99  26
  9432  3337

   23  53
   43  25
  10359  15141

   14  83
   79  14
  8916  3939

   21  49
   35  19
  16874  19182

   16  39
   72  29
  1928  3674

   36  74
   55  20
  2010  12590

   23  67
   42  11
  18900  4942

   47  18
   27  44
  2174  11022

   53  18
   18  57
  4026  4724

   59  13
   20  49
  16585  9042

   15  52
   57  27
  5817  5494

   12  39
   59  33
  8934  7853

   81  16
   26  84
  6938  5708

   53  97
   95  47
  7694  6850

   27  71
   34  13
  4255  5999

   11  33
   61  21
  13560  7544

   39  83
   83  22
  11044  8813

   59  25
   14  45
  8605  19215

   11  53
   41  21
  19427  16275

   81  31
   12  37
  4179  4354

   22  60
   45  15
  16205  13775

   35  51
   33  13
  13413  1585

   82  59
   16  57
  7640  5770

   33  58
   19  11
  3200  19242

   32  69
   85  57
  10008  10467

   44  12
   35  68
  13741  6992

   41  17
   21  31
  12242  10498

   33  92
   95  30
  2246  2504

   22  72
   32  11
  6782  6840

   63  29
   15  37
  9083  11441

   31  77
   57  12
  4445  5728

   64  12
   46  50
  2598  694

   67  40
   19  48
  4708  1264

   53  26
   20  51
  9523  473

   35  16
   11  56
  3230  6064

   69  22
   14  64
  8780  13924

   77  37
   14  47
  14557  2323

   71  15
   17  50
  10319  6565

   78  32
   13  56
  7153  11112

   69  68
   77  13
  10332  4900

   11  25
   40  26
  10595  4253

   43  88
   85  39
  5333  5246

   57  30
   57  99
  7980  9927

   27  71
   63  24
  5282  10711

   56  11
   27  82
  4601  13176

   17  55
   78  53
  6910  6607

   19  56
   88  29
  8081  4006

